
  - libintl=0.22.5
  - pywin32=305
  - pixman=0.43.4
  - ucrt=10.0.22621.0
  - vc=14.2
  - vc14_runtime=14.38.33130
  - vs2015_runtime=14.38.33130
  - x264=1!164.3095
  - tk=8.6.12
  - tornado=6.3.3
